26009012345555 26009012337777 300
26009012345678 26000123123322 400
26001134524532 26009012345555 1000
26009012345678 26008912345623 200
26004455323412 26009012345555 3000
26008912345623 26009012345678 1000
26009012345555 26009012345678 300
26009012345678 26000090766723 500
26009012229801 26009012345555 500
26009012345555 26009056781111 1300
26000092444422 26009012345678 2000
26009012345555 26009041137878 1200
26008700290045 26009012345678 4000
26009012345678 26004544478886 100
26009012345555 26009012345678 500
26009311226755 26009012345555 200
26009012345678 26009345541221 500
26009012345678 26009012345555 100
26009012345678 26003412344321 100
26009012345555 26009012337777 300
26009012345678 26000123123322 400
26001134524532 26009012345555 1000
26009012345678 26008912345623 200
26004455323412 26009012345555 3000
26008912345623 26009012345678 1000
26009012345555 26009012345678 300
26009012345678 26000090766723 500
26009012229801 26009012345555 500
26009012345555 26009056781111 1300
26000092444422 26009012345678 2000
26009012345555 26009041137878 1200
26008700290045 26009012345678 4000
26009012345678 26004544478886 100
26009012345555 26009012345678 500
26009311226755 26009012345555 200
26009012345678 26009345541221 500
26009012345678 26009012345555 100
26009012345678 26003412344321 100
26009012345555 26009012337777 300
26009012345678 26000123123322 400
26001134524532 26009012345555 1000
26009012345678 26008912345623 200
26004455323412 26009012345555 3000
26008912345623 26009012345678 1000
26009012345555 26009012345678 300
26009012345678 26000090766723 500
26009012229801 26009012345555 500
26009012345555 26009056781111 1300
26000092444422 26009012345678 2000
26009012345555 26009041137878 1200
26008700290045 26009012345678 4000
26009012345678 26004544478886 100
26009012345555 26009012345678 500
26009311226755 26009012345555 200
26009012345678 26009345541221 500
26009012345678 26009012345555 100
26009012345678 26003412344321 100
26009012345555 26009012337777 300
26009012345678 26000123123322 400
26001134524532 26009012345555 1000
26009012345678 26008912345623 200
26004455323412 26009012345555 3000
26008912345623 26009012345678 1000
26009012345555 26009012345678 300
26009012345678 26000090766723 500
26009012229801 26009012345555 500
26009012345555 26009056781111 1300
26000092444422 26009012345678 2000
26009012345555 26009041137878 1200
26008700290045 26009012345678 4000
26009012345678 26004544478886 100
26009012345555 26009012345678 500
26009311226755 26009012345555 200
26009012345678 26009345541221 500
26009012345678 26009012345555 100
26009012345678 26003412344321 100