26001111333322 26056666999955 200
26001111333322 22223333333333 100
26001111333322 44444444444444 50
26001111333322 26056666999955 200
26001111333322 22223333333333 100
26001111333322 44444444444444 50
26001111333322 26056666999955 200
26001111333322 22223333333333 100
26001111333322 44444444444444 50
26001111333322 26056666999955 200
26001111333322 22223333333333 100
26001111333322 44444444444444 50
26001111333322 26056666999955 200
26001111333322 22223333333333 100
26001111333322 44444444444444 50
26001111333322 26056666999955 200
26001111333322 22223333333333 100
26001111333322 44444444444444 50
26001111333322 26056666999955 200
26001111333322 22223333333333 100
26001111333322 44444444444444 50
26001111333322 26056666999955 200
26001111333322 22223333333333 100
26001111333322 44444444444444 50
26001111333322 26056666999955 200
26001111333322 22223333333333 100
26001111333322 44444444444444 50
26001111333322 26056666999955 200
26001111333322 22223333333333 100
26001111333322 44444444444444 50
26001111333322 26056666999955 200
26001111333322 22223333333333 100
26001111333322 44444444444444 50
26001111333322 26056666999955 200
26001111333322 22223333333333 100
26001111333322 44444444444444 50
26001111333322 26056666999955 200
26001111333322 22223333333333 100
26001111333322 44444444444444 50
26001111333322 26056666999955 200
26001111333322 22223333333333 100
26001111333322 44444444444444 50
26001111333322 26056666999955 200
26001111333322 22223333333333 100
26001111333322 44444444444444 50
26001111333322 26056666999955 200
26001111333322 22223333333333 100
26001111333322 44444444444444 50
26001111333322 26056666999955 200
26001111333322 22223333333333 100
26001111333322 44444444444444 50
26001111333322 26056666999955 200
26001111333322 22223333333333 100
26001111333322 44444444444444 50
26001111333322 26056666999955 200
26001111333322 22223333333333 100
26001111333322 44444444444444 50
26001111333322 26056666999955 200
26001111333322 22223333333333 100
26001111333322 44444444444444 50
26001111333322 26056666999955 200
26001111333322 22223333333333 100
26001111333322 44444444444444 50
26001111333322 26056666999955 200
26001111333322 22223333333333 100
26001111333322 44444444444444 50
26001111333322 26056666999955 200
26001111333322 22223333333333 100
26001111333322 44444444444444 50
26001111333322 26056666999955 200
26001111333322 22223333333333 100
26001111333322 44444444444444 50
26001111333322 26056666999955 200
26001111333322 22223333333333 100
26001111333322 44444444444444 50
26001111333322 22223333333333 100
26001111333322 22223333333333 100
26001111333322 26056666999955 200
26001111333322 22223333333333 100
26001111333322 44444444444444 50
26001111333322 26056666999955 200
26001111333322 22223333333333 100
26001111333322 44444444444444 50
26001111333322 26056666999955 200
26001111333322 22223333333333 100
26001111333322 44444444444444 50
26001111333322 26056666999955 200
